

[38;2;0;198;255m [38;2;0;196;255m█[38;2;0;195;255m█[38;2;0;193;255m╗[38;2;0;192;255m [38;2;0;190;255m [38;2;0;188;255m█[38;2;0;187;255m█[38;2;0;185;255m╗[38;2;0;184;255m [38;2;0;182;255m [38;2;0;181;255m█[38;2;0;179;255m█[38;2;0;177;255m█[38;2;0;176;255m█[38;2;0;174;255m█[38;2;0;173;255m╗[38;2;0;171;255m [38;2;0;169;255m [38;2;0;168;255m█[38;2;0;166;255m█[38;2;0;165;255m╗[38;2;0;163;255m [38;2;0;162;255m [38;2;0;160;255m█[38;2;0;158;255m█[38;2;0;157;255m╗[38;2;0;155;255m [38;2;0;154;255m [38;2;0;152;255m█[38;2;0;150;255m█[38;2;0;149;255m█[38;2;0;147;255m█[38;2;0;146;255m█[38;2;0;144;255m╗[38;2;0;143;255m [38;2;0;141;255m [38;2;0;139;255m█[38;2;0;138;255m█[38;2;0;136;255m█[38;2;0;135;255m█[38;2;0;133;255m█[38;2;0;131;255m█[38;2;0;130;255m█[38;2;0;128;255m╗[38;2;0;127;255m [38;2;0;125;255m█[38;2;0;124;255m█[38;2;0;122;255m█[38;2;0;120;255m█[38;2;0;119;255m█[38;2;0;117;255m█[38;2;0;116;255m█[38;2;0;114;255m╗[39m
[38;2;0;198;255m [38;2;0;196;255m█[38;2;0;195;255m█[38;2;0;193;255m║[38;2;0;192;255m [38;2;0;190;255m [38;2;0;188;255m█[38;2;0;187;255m█[38;2;0;185;255m║[38;2;0;184;255m [38;2;0;182;255m█[38;2;0;181;255m█[38;2;0;179;255m╔[38;2;0;177;255m═[38;2;0;176;255m═[38;2;0;174;255m█[38;2;0;173;255m█[38;2;0;171;255m╗[38;2;0;169;255m [38;2;0;168;255m█[38;2;0;166;255m█[38;2;0;165;255m║[38;2;0;163;255m [38;2;0;162;255m█[38;2;0;160;255m█[38;2;0;158;255m╔[38;2;0;157;255m╝[38;2;0;155;255m [38;2;0;154;255m█[38;2;0;152;255m█[38;2;0;150;255m╔[38;2;0;149;255m═[38;2;0;147;255m═[38;2;0;146;255m█[38;2;0;144;255m█[38;2;0;143;255m╗[38;2;0;141;255m [38;2;0;139;255m█[38;2;0;138;255m█[38;2;0;136;255m╔[38;2;0;135;255m═[38;2;0;133;255m═[38;2;0;131;255m═[38;2;0;130;255m═[38;2;0;128;255m╝[38;2;0;127;255m [38;2;0;125;255m█[38;2;0;124;255m█[38;2;0;122;255m╔[38;2;0;120;255m═[38;2;0;119;255m═[38;2;0;117;255m═[38;2;0;116;255m═[38;2;0;114;255m╝[39m
[38;2;0;198;255m [38;2;0;196;255m█[38;2;0;195;255m█[38;2;0;193;255m█[38;2;0;192;255m█[38;2;0;190;255m█[38;2;0;188;255m█[38;2;0;187;255m█[38;2;0;185;255m║[38;2;0;184;255m [38;2;0;182;255m█[38;2;0;181;255m█[38;2;0;179;255m█[38;2;0;177;255m█[38;2;0;176;255m█[38;2;0;174;255m█[38;2;0;173;255m█[38;2;0;171;255m║[38;2;0;169;255m [38;2;0;168;255m█[38;2;0;166;255m█[38;2;0;165;255m█[38;2;0;163;255m█[38;2;0;162;255m█[38;2;0;160;255m╔[38;2;0;158;255m╝[38;2;0;157;255m [38;2;0;155;255m [38;2;0;154;255m█[38;2;0;152;255m█[38;2;0;150;255m█[38;2;0;149;255m█[38;2;0;147;255m█[38;2;0;146;255m█[38;2;0;144;255m█[38;2;0;143;255m║[38;2;0;141;255m [38;2;0;139;255m█[38;2;0;138;255m█[38;2;0;136;255m█[38;2;0;135;255m█[38;2;0;133;255m█[38;2;0;131;255m█[38;2;0;130;255m█[38;2;0;128;255m╗[38;2;0;127;255m [38;2;0;125;255m█[38;2;0;124;255m█[38;2;0;122;255m█[38;2;0;120;255m█[38;2;0;119;255m█[38;2;0;117;255m╗[38;2;0;116;255m [38;2;0;114;255m [39m
[38;2;0;198;255m [38;2;0;196;255m█[38;2;0;195;255m█[38;2;0;193;255m╔[38;2;0;192;255m═[38;2;0;190;255m═[38;2;0;188;255m█[38;2;0;187;255m█[38;2;0;185;255m║[38;2;0;184;255m [38;2;0;182;255m█[38;2;0;181;255m█[38;2;0;179;255m╔[38;2;0;177;255m═[38;2;0;176;255m═[38;2;0;174;255m█[38;2;0;173;255m█[38;2;0;171;255m║[38;2;0;169;255m [38;2;0;168;255m█[38;2;0;166;255m█[38;2;0;165;255m╔[38;2;0;163;255m═[38;2;0;162;255m█[38;2;0;160;255m█[38;2;0;158;255m╗[38;2;0;157;255m [38;2;0;155;255m [38;2;0;154;255m█[38;2;0;152;255m█[38;2;0;150;255m╔[38;2;0;149;255m═[38;2;0;147;255m═[38;2;0;146;255m█[38;2;0;144;255m█[38;2;0;143;255m║[38;2;0;141;255m [38;2;0;139;255m╚[38;2;0;138;255m═[38;2;0;136;255m═[38;2;0;135;255m═[38;2;0;133;255m═[38;2;0;131;255m█[38;2;0;130;255m█[38;2;0;128;255m║[38;2;0;127;255m [38;2;0;125;255m█[38;2;0;124;255m█[38;2;0;122;255m╔[38;2;0;120;255m═[38;2;0;119;255m═[38;2;0;117;255m╝[38;2;0;116;255m [38;2;0;114;255m [39m
[38;2;0;198;255m [38;2;0;196;255m█[38;2;0;195;255m█[38;2;0;193;255m║[38;2;0;192;255m [38;2;0;190;255m [38;2;0;188;255m█[38;2;0;187;255m█[38;2;0;185;255m║[38;2;0;184;255m [38;2;0;182;255m█[38;2;0;181;255m█[38;2;0;179;255m║[38;2;0;177;255m [38;2;0;176;255m [38;2;0;174;255m█[38;2;0;173;255m█[38;2;0;171;255m║[38;2;0;169;255m [38;2;0;168;255m█[38;2;0;166;255m█[38;2;0;165;255m║[38;2;0;163;255m [38;2;0;162;255m [38;2;0;160;255m█[38;2;0;158;255m█[38;2;0;157;255m╗[38;2;0;155;255m [38;2;0;154;255m█[38;2;0;152;255m█[38;2;0;150;255m║[38;2;0;149;255m [38;2;0;147;255m [38;2;0;146;255m█[38;2;0;144;255m█[38;2;0;143;255m║[38;2;0;141;255m [38;2;0;139;255m█[38;2;0;138;255m█[38;2;0;136;255m█[38;2;0;135;255m█[38;2;0;133;255m█[38;2;0;131;255m█[38;2;0;130;255m█[38;2;0;128;255m║[38;2;0;127;255m [38;2;0;125;255m█[38;2;0;124;255m█[38;2;0;122;255m█[38;2;0;120;255m█[38;2;0;119;255m█[38;2;0;117;255m█[38;2;0;116;255m█[38;2;0;114;255m╗[39m
[38;2;0;198;255m [38;2;0;196;255m╚[38;2;0;195;255m═[38;2;0;193;255m╝[38;2;0;192;255m [38;2;0;190;255m [38;2;0;188;255m╚[38;2;0;187;255m═[38;2;0;185;255m╝[38;2;0;184;255m [38;2;0;182;255m╚[38;2;0;181;255m═[38;2;0;179;255m╝[38;2;0;177;255m [38;2;0;176;255m [38;2;0;174;255m╚[38;2;0;173;255m═[38;2;0;171;255m╝[38;2;0;169;255m [38;2;0;168;255m╚[38;2;0;166;255m═[38;2;0;165;255m╝[38;2;0;163;255m [38;2;0;162;255m [38;2;0;160;255m╚[38;2;0;158;255m═[38;2;0;157;255m╝[38;2;0;155;255m [38;2;0;154;255m╚[38;2;0;152;255m═[38;2;0;150;255m╝[38;2;0;149;255m [38;2;0;147;255m [38;2;0;146;255m╚[38;2;0;144;255m═[38;2;0;143;255m╝[38;2;0;141;255m [38;2;0;139;255m╚[38;2;0;138;255m═[38;2;0;136;255m═[38;2;0;135;255m═[38;2;0;133;255m═[38;2;0;131;255m═[38;2;0;130;255m═[38;2;0;128;255m╝[38;2;0;127;255m [38;2;0;125;255m╚[38;2;0;124;255m═[38;2;0;122;255m═[38;2;0;120;255m═[38;2;0;119;255m═[38;2;0;117;255m═[38;2;0;116;255m═[38;2;0;114;255m╝[39m


[0m[?25h[K